0 0 0 0 0
1 0 0 0 1
2 0 0 0 2
3 0 0 0 3
4 0 0 1 0
5 0 0 1 1
6 0 0 1 2
7 0 0 1 3
8 0 0 2 0
9 0 0 2 1
10 0 0 2 2
11 0 0 2 3
12 0 0 3 0
13 0 0 3 1
14 0 0 3 2
15 0 0 3 3
16 0 0 4 0
17 0 0 4 1
18 0 0 4 2
19 0 0 4 3
20 0 0 5 0
21 0 0 5 1
22 0 0 5 2
23 0 0 5 3
24 0 0 6 0
25 0 0 6 1
26 0 0 6 2
27 0 0 6 3
28 0 0 7 0
29 0 0 7 1
30 0 0 7 2
31 0 0 7 3
32 0 0 8 0
33 0 0 8 1
34 0 0 8 2
35 0 0 8 3
36 0 0 9 0
37 0 0 9 1
38 0 0 9 2
39 0 0 9 3
40 0 0 10 0
41 0 0 10 1
42 0 0 10 2
43 0 0 10 3
44 0 0 11 0
45 0 0 11 1
46 0 0 11 2
47 0 0 11 3
48 0 0 12 0
49 0 0 12 1
50 0 0 12 2
51 0 0 12 3
52 0 0 13 0
53 0 0 13 1
54 0 0 13 2
55 0 0 13 3
56 0 0 14 0
57 0 0 14 1
58 0 0 14 2
59 0 0 14 3
60 0 0 15 0
61 0 0 15 1
62 0 0 15 2
63 0 0 15 3
64 0 0 16 0
65 0 0 16 1
66 0 0 16 2
67 0 0 16 3
68 0 0 17 0
69 0 0 17 1
70 0 0 17 2
71 0 0 17 3
72 0 0 18 0
73 0 0 18 1
74 0 0 18 2
75 0 0 18 3
76 0 0 19 0
77 0 0 19 1
78 0 0 19 2
79 0 0 19 3
80 0 0 20 0
81 0 0 20 1
82 0 0 20 2
83 0 0 20 3
84 0 0 21 0
85 0 0 21 1
86 0 0 21 2
87 0 0 21 3
88 0 0 22 0
89 0 0 22 1
90 0 0 22 2
91 0 0 22 3
92 0 0 23 0
93 0 0 23 1
94 0 0 23 2
95 0 0 23 3
96 0 0 24 0
97 0 0 24 1
98 0 0 24 2
99 0 0 24 3
100 0 0 25 0
101 0 0 25 1
102 0 0 25 2
103 0 0 25 3
104 0 0 26 0
105 0 0 26 1
106 0 0 26 2
107 0 0 26 3
108 0 0 27 0
109 0 0 27 1
110 0 0 27 2
111 0 0 27 3
112 0 0 28 0
113 0 0 28 1
114 0 0 28 2
115 0 0 28 3
116 0 0 29 0
117 0 0 29 1
118 0 0 29 2
119 0 0 29 3
120 0 0 30 0
121 0 0 30 1
122 0 0 30 2
123 0 0 30 3
124 0 0 31 0
125 0 0 31 1
126 0 0 31 2
127 0 0 31 3
128 0 0 32 0
129 0 0 32 1
130 0 0 32 2
131 0 0 32 3
132 0 0 33 0
133 0 0 33 1
134 0 0 33 2
135 0 0 33 3
136 0 0 34 0
137 0 0 34 1
138 0 0 34 2
139 0 0 34 3
140 0 0 35 0
141 0 0 35 1
142 0 0 35 2
143 0 0 35 3
144 0 0 36 0
145 0 0 36 1
146 0 0 36 2
147 0 0 36 3
148 0 0 37 0
149 0 0 37 1
150 0 0 37 2
151 0 0 37 3
152 0 0 38 0
153 0 0 38 1
154 0 0 38 2
155 0 0 38 3
156 0 0 39 0
157 0 0 39 1
158 0 0 39 2
159 0 0 39 3
160 0 1 0 0
161 0 1 0 1
162 0 1 0 2
163 0 1 0 3
164 0 1 1 0
165 0 1 1 1
166 0 1 1 2
167 0 1 1 3
168 0 1 2 0
169 0 1 2 1
170 0 1 2 2
171 0 1 2 3
172 0 1 3 0
173 0 1 3 1
174 0 1 3 2
175 0 1 3 3
176 0 1 4 0
177 0 1 4 1
178 0 1 4 2
179 0 1 4 3
180 0 1 5 0
181 0 1 5 1
182 0 1 5 2
183 0 1 5 3
184 0 1 6 0
185 0 1 6 1
186 0 1 6 2
187 0 1 6 3
188 0 1 7 0
189 0 1 7 1
190 0 1 7 2
191 0 1 7 3
192 0 1 8 0
193 0 1 8 1
194 0 1 8 2
195 0 1 8 3
196 0 1 9 0
197 0 1 9 1
198 0 1 9 2
199 0 1 9 3
200 0 1 10 0
201 0 1 10 1
202 0 1 10 2
203 0 1 10 3
204 0 1 11 0
205 0 1 11 1
206 0 1 11 2
207 0 1 11 3
208 0 1 12 0
209 0 1 12 1
210 0 1 12 2
211 0 1 12 3
212 0 1 13 0
213 0 1 13 1
214 0 1 13 2
215 0 1 13 3
216 0 1 14 0
217 0 1 14 1
218 0 1 14 2
219 0 1 14 3
220 0 1 15 0
221 0 1 15 1
222 0 1 15 2
223 0 1 15 3
224 0 1 16 0
225 0 1 16 1
226 0 1 16 2
227 0 1 16 3
228 0 1 17 0
229 0 1 17 1
230 0 1 17 2
231 0 1 17 3
232 0 1 18 0
233 0 1 18 1
234 0 1 18 2
235 0 1 18 3
236 0 1 19 0
237 0 1 19 1
238 0 1 19 2
239 0 1 19 3
240 0 1 20 0
241 0 1 20 1
242 0 1 20 2
243 0 1 20 3
244 0 1 21 0
245 0 1 21 1
246 0 1 21 2
247 0 1 21 3
248 0 1 22 0
249 0 1 22 1
250 0 1 22 2
251 0 1 22 3
252 0 1 23 0
253 0 1 23 1
254 0 1 23 2
255 0 1 23 3
256 0 1 24 0
257 0 1 24 1
258 0 1 24 2
259 0 1 24 3
260 0 1 25 0
261 0 1 25 1
262 0 1 25 2
263 0 1 25 3
264 0 1 26 0
265 0 1 26 1
266 0 1 26 2
267 0 1 26 3
268 0 1 27 0
269 0 1 27 1
270 0 1 27 2
271 0 1 27 3
272 0 1 28 0
273 0 1 28 1
274 0 1 28 2
275 0 1 28 3
276 0 1 29 0
277 0 1 29 1
278 0 1 29 2
279 0 1 29 3
280 0 1 30 0
281 0 1 30 1
282 0 1 30 2
283 0 1 30 3
284 0 1 31 0
285 0 1 31 1
286 0 1 31 2
287 0 1 31 3
288 0 1 32 0
289 0 1 32 1
290 0 1 32 2
291 0 1 32 3
292 0 1 33 0
293 0 1 33 1
294 0 1 33 2
295 0 1 33 3
296 0 1 34 0
297 0 1 34 1
298 0 1 34 2
299 0 1 34 3
300 0 1 35 0
301 0 1 35 1
302 0 1 35 2
303 0 1 35 3
304 0 1 36 0
305 0 1 36 1
306 0 1 36 2
307 0 1 36 3
308 0 1 37 0
309 0 1 37 1
310 0 1 37 2
311 0 1 37 3
312 0 1 38 0
313 0 1 38 1
314 0 1 38 2
315 0 1 38 3
316 0 1 39 0
317 0 1 39 1
318 0 1 39 2
319 0 1 39 3
320 0 2 0 0
321 0 2 0 1
322 0 2 0 2
323 0 2 0 3
324 0 2 1 0
325 0 2 1 1
326 0 2 1 2
327 0 2 1 3
328 0 2 2 0
329 0 2 2 1
330 0 2 2 2
331 0 2 2 3
332 0 2 3 0
333 0 2 3 1
334 0 2 3 2
335 0 2 3 3
336 0 2 4 0
337 0 2 4 1
338 0 2 4 2
339 0 2 4 3
340 0 2 5 0
341 0 2 5 1
342 0 2 5 2
343 0 2 5 3
344 0 2 6 0
345 0 2 6 1
346 0 2 6 2
347 0 2 6 3
348 0 2 7 0
349 0 2 7 1
350 0 2 7 2
351 0 2 7 3
352 0 2 8 0
353 0 2 8 1
354 0 2 8 2
355 0 2 8 3
356 0 2 9 0
357 0 2 9 1
358 0 2 9 2
359 0 2 9 3
360 0 2 10 0
361 0 2 10 1
362 0 2 10 2
363 0 2 10 3
364 0 2 11 0
365 0 2 11 1
366 0 2 11 2
367 0 2 11 3
368 0 2 12 0
369 0 2 12 1
370 0 2 12 2
371 0 2 12 3
372 0 2 13 0
373 0 2 13 1
374 0 2 13 2
375 0 2 13 3
376 0 2 14 0
377 0 2 14 1
378 0 2 14 2
379 0 2 14 3
380 0 2 15 0
381 0 2 15 1
382 0 2 15 2
383 0 2 15 3
384 0 2 16 0
385 0 2 16 1
386 0 2 16 2
387 0 2 16 3
388 0 2 17 0
389 0 2 17 1
390 0 2 17 2
391 0 2 17 3
392 0 2 18 0
393 0 2 18 1
394 0 2 18 2
395 0 2 18 3
396 0 2 19 0
397 0 2 19 1
398 0 2 19 2
399 0 2 19 3
400 0 2 20 0
401 0 2 20 1
402 0 2 20 2
403 0 2 20 3
404 0 2 21 0
405 0 2 21 1
406 0 2 21 2
407 0 2 21 3
408 0 2 22 0
409 0 2 22 1
410 0 2 22 2
411 0 2 22 3
412 0 2 23 0
413 0 2 23 1
414 0 2 23 2
415 0 2 23 3
416 0 2 24 0
417 0 2 24 1
418 0 2 24 2
419 0 2 24 3
420 0 2 25 0
421 0 2 25 1
422 0 2 25 2
423 0 2 25 3
424 0 2 26 0
425 0 2 26 1
426 0 2 26 2
427 0 2 26 3
428 0 2 27 0
429 0 2 27 1
430 0 2 27 2
431 0 2 27 3
432 0 2 28 0
433 0 2 28 1
434 0 2 28 2
435 0 2 28 3
436 0 2 29 0
437 0 2 29 1
438 0 2 29 2
439 0 2 29 3
440 0 2 30 0
441 0 2 30 1
442 0 2 30 2
443 0 2 30 3
444 0 2 31 0
445 0 2 31 1
446 0 2 31 2
447 0 2 31 3
448 0 2 32 0
449 0 2 32 1
450 0 2 32 2
451 0 2 32 3
452 0 2 33 0
453 0 2 33 1
454 0 2 33 2
455 0 2 33 3
456 0 2 34 0
457 0 2 34 1
458 0 2 34 2
459 0 2 34 3
460 0 2 35 0
461 0 2 35 1
462 0 2 35 2
463 0 2 35 3
464 0 2 36 0
465 0 2 36 1
466 0 2 36 2
467 0 2 36 3
468 0 2 37 0
469 0 2 37 1
470 0 2 37 2
471 0 2 37 3
472 0 2 38 0
473 0 2 38 1
474 0 2 38 2
475 0 2 38 3
476 0 2 39 0
477 0 2 39 1
478 0 2 39 2
479 0 2 39 3
480 0 3 0 0
481 0 3 0 1
482 0 3 0 2
483 0 3 0 3
484 0 3 1 0
485 0 3 1 1
486 0 3 1 2
487 0 3 1 3
488 0 3 2 0
489 0 3 2 1
490 0 3 2 2
491 0 3 2 3
492 0 3 3 0
493 0 3 3 1
494 0 3 3 2
495 0 3 3 3
496 0 3 4 0
497 0 3 4 1
498 0 3 4 2
499 0 3 4 3
500 0 3 5 0
501 0 3 5 1
502 0 3 5 2
503 0 3 5 3
504 0 3 6 0
505 0 3 6 1
506 0 3 6 2
507 0 3 6 3
508 0 3 7 0
509 0 3 7 1
510 0 3 7 2
511 0 3 7 3
512 0 3 8 0
513 0 3 8 1
514 0 3 8 2
515 0 3 8 3
516 0 3 9 0
517 0 3 9 1
518 0 3 9 2
519 0 3 9 3
520 0 3 10 0
521 0 3 10 1
522 0 3 10 2
523 0 3 10 3
524 0 3 11 0
525 0 3 11 1
526 0 3 11 2
527 0 3 11 3
528 0 3 12 0
529 0 3 12 1
530 0 3 12 2
531 0 3 12 3
532 0 3 13 0
533 0 3 13 1
534 0 3 13 2
535 0 3 13 3
536 0 3 14 0
537 0 3 14 1
538 0 3 14 2
539 0 3 14 3
540 0 3 15 0
541 0 3 15 1
542 0 3 15 2
543 0 3 15 3
544 0 3 16 0
545 0 3 16 1
546 0 3 16 2
547 0 3 16 3
548 0 3 17 0
549 0 3 17 1
550 0 3 17 2
551 0 3 17 3
552 0 3 18 0
553 0 3 18 1
554 0 3 18 2
555 0 3 18 3
556 0 3 19 0
557 0 3 19 1
558 0 3 19 2
559 0 3 19 3
560 0 3 20 0
561 0 3 20 1
562 0 3 20 2
563 0 3 20 3
564 0 3 21 0
565 0 3 21 1
566 0 3 21 2
567 0 3 21 3
568 0 3 22 0
569 0 3 22 1
570 0 3 22 2
571 0 3 22 3
572 0 3 23 0
573 0 3 23 1
574 0 3 23 2
575 0 3 23 3
576 0 3 24 0
577 0 3 24 1
578 0 3 24 2
579 0 3 24 3
580 0 3 25 0
581 0 3 25 1
582 0 3 25 2
583 0 3 25 3
584 0 3 26 0
585 0 3 26 1
586 0 3 26 2
587 0 3 26 3
588 0 3 27 0
589 0 3 27 1
590 0 3 27 2
591 0 3 27 3
592 0 3 28 0
593 0 3 28 1
594 0 3 28 2
595 0 3 28 3
596 0 3 29 0
597 0 3 29 1
598 0 3 29 2
599 0 3 29 3
600 0 3 30 0
601 0 3 30 1
602 0 3 30 2
603 0 3 30 3
604 0 3 31 0
605 0 3 31 1
606 0 3 31 2
607 0 3 31 3
608 0 3 32 0
609 0 3 32 1
610 0 3 32 2
611 0 3 32 3
612 0 3 33 0
613 0 3 33 1
614 0 3 33 2
615 0 3 33 3
616 0 3 34 0
617 0 3 34 1
618 0 3 34 2
619 0 3 34 3
620 0 3 35 0
621 0 3 35 1
622 0 3 35 2
623 0 3 35 3
624 0 3 36 0
625 0 3 36 1
626 0 3 36 2
627 0 3 36 3
628 0 3 37 0
629 0 3 37 1
630 0 3 37 2
631 0 3 37 3
632 0 3 38 0
633 0 3 38 1
634 0 3 38 2
635 0 3 38 3
636 0 3 39 0
637 0 3 39 1
638 0 3 39 2
639 0 3 39 3
640 1 0 0 0
641 1 0 0 1
642 1 0 0 2
643 1 0 0 3
644 1 0 1 0
645 1 0 1 1
646 1 0 1 2
647 1 0 1 3
648 1 0 2 0
649 1 0 2 1
650 1 0 2 2
651 1 0 2 3
652 1 0 3 0
653 1 0 3 1
654 1 0 3 2
655 1 0 3 3
656 1 0 4 0
657 1 0 4 1
658 1 0 4 2
659 1 0 4 3
660 1 0 5 0
661 1 0 5 1
662 1 0 5 2
663 1 0 5 3
664 1 0 6 0
665 1 0 6 1
666 1 0 6 2
667 1 0 6 3
668 1 0 7 0
669 1 0 7 1
670 1 0 7 2
671 1 0 7 3
672 1 0 8 0
673 1 0 8 1
674 1 0 8 2
675 1 0 8 3
676 1 0 9 0
677 1 0 9 1
678 1 0 9 2
679 1 0 9 3
680 1 0 10 0
681 1 0 10 1
682 1 0 10 2
683 1 0 10 3
684 1 0 11 0
685 1 0 11 1
686 1 0 11 2
687 1 0 11 3
688 1 0 12 0
689 1 0 12 1
690 1 0 12 2
691 1 0 12 3
692 1 0 13 0
693 1 0 13 1
694 1 0 13 2
695 1 0 13 3
696 1 0 14 0
697 1 0 14 1
698 1 0 14 2
699 1 0 14 3
700 1 0 15 0
701 1 0 15 1
702 1 0 15 2
703 1 0 15 3
704 1 0 16 0
705 1 0 16 1
706 1 0 16 2
707 1 0 16 3
708 1 0 17 0
709 1 0 17 1
710 1 0 17 2
711 1 0 17 3
712 1 0 18 0
713 1 0 18 1
714 1 0 18 2
715 1 0 18 3
716 1 0 19 0
717 1 0 19 1
718 1 0 19 2
719 1 0 19 3
720 1 0 20 0
721 1 0 20 1
722 1 0 20 2
723 1 0 20 3
724 1 0 21 0
725 1 0 21 1
726 1 0 21 2
727 1 0 21 3
728 1 0 22 0
729 1 0 22 1
730 1 0 22 2
731 1 0 22 3
732 1 0 23 0
733 1 0 23 1
734 1 0 23 2
735 1 0 23 3
736 1 0 24 0
737 1 0 24 1
738 1 0 24 2
739 1 0 24 3
740 1 0 25 0
741 1 0 25 1
742 1 0 25 2
743 1 0 25 3
744 1 0 26 0
745 1 0 26 1
746 1 0 26 2
747 1 0 26 3
748 1 0 27 0
749 1 0 27 1
750 1 0 27 2
751 1 0 27 3
752 1 0 28 0
753 1 0 28 1
754 1 0 28 2
755 1 0 28 3
756 1 0 29 0
757 1 0 29 1
758 1 0 29 2
759 1 0 29 3
760 1 0 30 0
761 1 0 30 1
762 1 0 30 2
763 1 0 30 3
764 1 0 31 0
765 1 0 31 1
766 1 0 31 2
767 1 0 31 3
768 1 0 32 0
769 1 0 32 1
770 1 0 32 2
771 1 0 32 3
772 1 0 33 0
773 1 0 33 1
774 1 0 33 2
775 1 0 33 3
776 1 0 34 0
777 1 0 34 1
778 1 0 34 2
779 1 0 34 3
780 1 0 35 0
781 1 0 35 1
782 1 0 35 2
783 1 0 35 3
784 1 0 36 0
785 1 0 36 1
786 1 0 36 2
787 1 0 36 3
788 1 0 37 0
789 1 0 37 1
790 1 0 37 2
791 1 0 37 3
792 1 0 38 0
793 1 0 38 1
794 1 0 38 2
795 1 0 38 3
796 1 0 39 0
797 1 0 39 1
798 1 0 39 2
799 1 0 39 3
800 1 1 0 0
801 1 1 0 1
802 1 1 0 2
803 1 1 0 3
804 1 1 1 0
805 1 1 1 1
806 1 1 1 2
807 1 1 1 3
808 1 1 2 0
809 1 1 2 1
810 1 1 2 2
811 1 1 2 3
812 1 1 3 0
813 1 1 3 1
814 1 1 3 2
815 1 1 3 3
816 1 1 4 0
817 1 1 4 1
818 1 1 4 2
819 1 1 4 3
820 1 1 5 0
821 1 1 5 1
822 1 1 5 2
823 1 1 5 3
824 1 1 6 0
825 1 1 6 1
826 1 1 6 2
827 1 1 6 3
828 1 1 7 0
829 1 1 7 1
830 1 1 7 2
831 1 1 7 3
832 1 1 8 0
833 1 1 8 1
834 1 1 8 2
835 1 1 8 3
836 1 1 9 0
837 1 1 9 1
838 1 1 9 2
839 1 1 9 3
840 1 1 10 0
841 1 1 10 1
842 1 1 10 2
843 1 1 10 3
844 1 1 11 0
845 1 1 11 1
846 1 1 11 2
847 1 1 11 3
848 1 1 12 0
849 1 1 12 1
850 1 1 12 2
851 1 1 12 3
852 1 1 13 0
853 1 1 13 1
854 1 1 13 2
855 1 1 13 3
856 1 1 14 0
857 1 1 14 1
858 1 1 14 2
859 1 1 14 3
860 1 1 15 0
861 1 1 15 1
862 1 1 15 2
863 1 1 15 3
864 1 1 16 0
865 1 1 16 1
866 1 1 16 2
867 1 1 16 3
868 1 1 17 0
869 1 1 17 1
870 1 1 17 2
871 1 1 17 3
872 1 1 18 0
873 1 1 18 1
874 1 1 18 2
875 1 1 18 3
876 1 1 19 0
877 1 1 19 1
878 1 1 19 2
879 1 1 19 3
880 1 1 20 0
881 1 1 20 1
882 1 1 20 2
883 1 1 20 3
884 1 1 21 0
885 1 1 21 1
886 1 1 21 2
887 1 1 21 3
888 1 1 22 0
889 1 1 22 1
890 1 1 22 2
891 1 1 22 3
892 1 1 23 0
893 1 1 23 1
894 1 1 23 2
895 1 1 23 3
896 1 1 24 0
897 1 1 24 1
898 1 1 24 2
899 1 1 24 3
900 1 1 25 0
901 1 1 25 1
902 1 1 25 2
903 1 1 25 3
904 1 1 26 0
905 1 1 26 1
906 1 1 26 2
907 1 1 26 3
908 1 1 27 0
909 1 1 27 1
910 1 1 27 2
911 1 1 27 3
912 1 1 28 0
913 1 1 28 1
914 1 1 28 2
915 1 1 28 3
916 1 1 29 0
917 1 1 29 1
918 1 1 29 2
919 1 1 29 3
920 1 1 30 0
921 1 1 30 1
922 1 1 30 2
923 1 1 30 3
924 1 1 31 0
925 1 1 31 1
926 1 1 31 2
927 1 1 31 3
928 1 1 32 0
929 1 1 32 1
930 1 1 32 2
931 1 1 32 3
932 1 1 33 0
933 1 1 33 1
934 1 1 33 2
935 1 1 33 3
936 1 1 34 0
937 1 1 34 1
938 1 1 34 2
939 1 1 34 3
940 1 1 35 0
941 1 1 35 1
942 1 1 35 2
943 1 1 35 3
944 1 1 36 0
945 1 1 36 1
946 1 1 36 2
947 1 1 36 3
948 1 1 37 0
949 1 1 37 1
950 1 1 37 2
951 1 1 37 3
952 1 1 38 0
953 1 1 38 1
954 1 1 38 2
955 1 1 38 3
956 1 1 39 0
957 1 1 39 1
958 1 1 39 2
959 1 1 39 3
960 1 2 0 0
961 1 2 0 1
962 1 2 0 2
963 1 2 0 3
964 1 2 1 0
965 1 2 1 1
966 1 2 1 2
967 1 2 1 3
968 1 2 2 0
969 1 2 2 1
970 1 2 2 2
971 1 2 2 3
972 1 2 3 0
973 1 2 3 1
974 1 2 3 2
975 1 2 3 3
976 1 2 4 0
977 1 2 4 1
978 1 2 4 2
979 1 2 4 3
980 1 2 5 0
981 1 2 5 1
982 1 2 5 2
983 1 2 5 3
984 1 2 6 0
985 1 2 6 1
986 1 2 6 2
987 1 2 6 3
988 1 2 7 0
989 1 2 7 1
990 1 2 7 2
991 1 2 7 3
992 1 2 8 0
993 1 2 8 1
994 1 2 8 2
995 1 2 8 3
996 1 2 9 0
997 1 2 9 1
998 1 2 9 2
999 1 2 9 3
1000 1 2 10 0
1001 1 2 10 1
1002 1 2 10 2
1003 1 2 10 3
1004 1 2 11 0
1005 1 2 11 1
1006 1 2 11 2
1007 1 2 11 3
1008 1 2 12 0
1009 1 2 12 1
1010 1 2 12 2
1011 1 2 12 3
1012 1 2 13 0
1013 1 2 13 1
1014 1 2 13 2
1015 1 2 13 3
1016 1 2 14 0
1017 1 2 14 1
1018 1 2 14 2
1019 1 2 14 3
1020 1 2 15 0
1021 1 2 15 1
1022 1 2 15 2
1023 1 2 15 3
1024 1 2 16 0
1025 1 2 16 1
1026 1 2 16 2
1027 1 2 16 3
1028 1 2 17 0
1029 1 2 17 1
1030 1 2 17 2
1031 1 2 17 3
1032 1 2 18 0
1033 1 2 18 1
1034 1 2 18 2
1035 1 2 18 3
1036 1 2 19 0
1037 1 2 19 1
1038 1 2 19 2
1039 1 2 19 3
1040 1 2 20 0
1041 1 2 20 1
1042 1 2 20 2
1043 1 2 20 3
1044 1 2 21 0
1045 1 2 21 1
1046 1 2 21 2
1047 1 2 21 3
1048 1 2 22 0
1049 1 2 22 1
1050 1 2 22 2
1051 1 2 22 3
1052 1 2 23 0
1053 1 2 23 1
1054 1 2 23 2
1055 1 2 23 3
1056 1 2 24 0
1057 1 2 24 1
1058 1 2 24 2
1059 1 2 24 3
1060 1 2 25 0
1061 1 2 25 1
1062 1 2 25 2
1063 1 2 25 3
1064 1 2 26 0
1065 1 2 26 1
1066 1 2 26 2
1067 1 2 26 3
1068 1 2 27 0
1069 1 2 27 1
1070 1 2 27 2
1071 1 2 27 3
1072 1 2 28 0
1073 1 2 28 1
1074 1 2 28 2
1075 1 2 28 3
1076 1 2 29 0
1077 1 2 29 1
1078 1 2 29 2
1079 1 2 29 3
1080 1 2 30 0
1081 1 2 30 1
1082 1 2 30 2
1083 1 2 30 3
1084 1 2 31 0
1085 1 2 31 1
1086 1 2 31 2
1087 1 2 31 3
1088 1 2 32 0
1089 1 2 32 1
1090 1 2 32 2
1091 1 2 32 3
1092 1 2 33 0
1093 1 2 33 1
1094 1 2 33 2
1095 1 2 33 3
1096 1 2 34 0
1097 1 2 34 1
1098 1 2 34 2
1099 1 2 34 3
1100 1 2 35 0
1101 1 2 35 1
1102 1 2 35 2
1103 1 2 35 3
1104 1 2 36 0
1105 1 2 36 1
1106 1 2 36 2
1107 1 2 36 3
1108 1 2 37 0
1109 1 2 37 1
1110 1 2 37 2
1111 1 2 37 3
1112 1 2 38 0
1113 1 2 38 1
1114 1 2 38 2
1115 1 2 38 3
1116 1 2 39 0
1117 1 2 39 1
1118 1 2 39 2
1119 1 2 39 3
1120 1 3 0 0
1121 1 3 0 1
1122 1 3 0 2
1123 1 3 0 3
1124 1 3 1 0
1125 1 3 1 1
1126 1 3 1 2
1127 1 3 1 3
1128 1 3 2 0
1129 1 3 2 1
1130 1 3 2 2
1131 1 3 2 3
1132 1 3 3 0
1133 1 3 3 1
1134 1 3 3 2
1135 1 3 3 3
1136 1 3 4 0
1137 1 3 4 1
1138 1 3 4 2
1139 1 3 4 3
1140 1 3 5 0
1141 1 3 5 1
1142 1 3 5 2
1143 1 3 5 3
1144 1 3 6 0
1145 1 3 6 1
1146 1 3 6 2
1147 1 3 6 3
1148 1 3 7 0
1149 1 3 7 1
1150 1 3 7 2
1151 1 3 7 3
1152 1 3 8 0
1153 1 3 8 1
1154 1 3 8 2
1155 1 3 8 3
1156 1 3 9 0
1157 1 3 9 1
1158 1 3 9 2
1159 1 3 9 3
1160 1 3 10 0
1161 1 3 10 1
1162 1 3 10 2
1163 1 3 10 3
1164 1 3 11 0
1165 1 3 11 1
1166 1 3 11 2
1167 1 3 11 3
1168 1 3 12 0
1169 1 3 12 1
1170 1 3 12 2
1171 1 3 12 3
1172 1 3 13 0
1173 1 3 13 1
1174 1 3 13 2
1175 1 3 13 3
1176 1 3 14 0
1177 1 3 14 1
1178 1 3 14 2
1179 1 3 14 3
1180 1 3 15 0
1181 1 3 15 1
1182 1 3 15 2
1183 1 3 15 3
1184 1 3 16 0
1185 1 3 16 1
1186 1 3 16 2
1187 1 3 16 3
1188 1 3 17 0
1189 1 3 17 1
1190 1 3 17 2
1191 1 3 17 3
1192 1 3 18 0
1193 1 3 18 1
1194 1 3 18 2
1195 1 3 18 3
1196 1 3 19 0
1197 1 3 19 1
1198 1 3 19 2
1199 1 3 19 3
1200 1 3 20 0
1201 1 3 20 1
1202 1 3 20 2
1203 1 3 20 3
1204 1 3 21 0
1205 1 3 21 1
1206 1 3 21 2
1207 1 3 21 3
1208 1 3 22 0
1209 1 3 22 1
1210 1 3 22 2
1211 1 3 22 3
1212 1 3 23 0
1213 1 3 23 1
1214 1 3 23 2
1215 1 3 23 3
1216 1 3 24 0
1217 1 3 24 1
1218 1 3 24 2
1219 1 3 24 3
1220 1 3 25 0
1221 1 3 25 1
1222 1 3 25 2
1223 1 3 25 3
1224 1 3 26 0
1225 1 3 26 1
1226 1 3 26 2
1227 1 3 26 3
1228 1 3 27 0
1229 1 3 27 1
1230 1 3 27 2
1231 1 3 27 3
1232 1 3 28 0
1233 1 3 28 1
1234 1 3 28 2
1235 1 3 28 3
1236 1 3 29 0
1237 1 3 29 1
1238 1 3 29 2
1239 1 3 29 3
1240 1 3 30 0
1241 1 3 30 1
1242 1 3 30 2
1243 1 3 30 3
1244 1 3 31 0
1245 1 3 31 1
1246 1 3 31 2
1247 1 3 31 3
1248 1 3 32 0
1249 1 3 32 1
1250 1 3 32 2
1251 1 3 32 3
1252 1 3 33 0
1253 1 3 33 1
1254 1 3 33 2
1255 1 3 33 3
1256 1 3 34 0
1257 1 3 34 1
1258 1 3 34 2
1259 1 3 34 3
1260 1 3 35 0
1261 1 3 35 1
1262 1 3 35 2
1263 1 3 35 3
1264 1 3 36 0
1265 1 3 36 1
1266 1 3 36 2
1267 1 3 36 3
1268 1 3 37 0
1269 1 3 37 1
1270 1 3 37 2
1271 1 3 37 3
1272 1 3 38 0
1273 1 3 38 1
1274 1 3 38 2
1275 1 3 38 3
1276 1 3 39 0
1277 1 3 39 1
1278 1 3 39 2
1279 1 3 39 3
1280 2 0 0 0
1281 2 0 0 1
1282 2 0 0 2
1283 2 0 0 3
1284 2 0 1 0
1285 2 0 1 1
1286 2 0 1 2
1287 2 0 1 3
1288 2 0 2 0
1289 2 0 2 1
1290 2 0 2 2
1291 2 0 2 3
1292 2 0 3 0
1293 2 0 3 1
1294 2 0 3 2
1295 2 0 3 3
1296 2 0 4 0
1297 2 0 4 1
1298 2 0 4 2
1299 2 0 4 3
1300 2 0 5 0
1301 2 0 5 1
1302 2 0 5 2
1303 2 0 5 3
1304 2 0 6 0
1305 2 0 6 1
1306 2 0 6 2
1307 2 0 6 3
1308 2 0 7 0
1309 2 0 7 1
1310 2 0 7 2
1311 2 0 7 3
1312 2 0 8 0
1313 2 0 8 1
1314 2 0 8 2
1315 2 0 8 3
1316 2 0 9 0
1317 2 0 9 1
1318 2 0 9 2
1319 2 0 9 3
1320 2 0 10 0
1321 2 0 10 1
1322 2 0 10 2
1323 2 0 10 3
1324 2 0 11 0
1325 2 0 11 1
1326 2 0 11 2
1327 2 0 11 3
1328 2 0 12 0
1329 2 0 12 1
1330 2 0 12 2
1331 2 0 12 3
1332 2 0 13 0
1333 2 0 13 1
1334 2 0 13 2
1335 2 0 13 3
1336 2 0 14 0
1337 2 0 14 1
1338 2 0 14 2
1339 2 0 14 3
1340 2 0 15 0
1341 2 0 15 1
1342 2 0 15 2
1343 2 0 15 3
1344 2 0 16 0
1345 2 0 16 1
1346 2 0 16 2
1347 2 0 16 3
1348 2 0 17 0
1349 2 0 17 1
1350 2 0 17 2
1351 2 0 17 3
1352 2 0 18 0
1353 2 0 18 1
1354 2 0 18 2
1355 2 0 18 3
1356 2 0 19 0
1357 2 0 19 1
1358 2 0 19 2
1359 2 0 19 3
1360 2 0 20 0
1361 2 0 20 1
1362 2 0 20 2
1363 2 0 20 3
1364 2 0 21 0
1365 2 0 21 1
1366 2 0 21 2
1367 2 0 21 3
1368 2 0 22 0
1369 2 0 22 1
1370 2 0 22 2
1371 2 0 22 3
1372 2 0 23 0
1373 2 0 23 1
1374 2 0 23 2
1375 2 0 23 3
1376 2 0 24 0
1377 2 0 24 1
1378 2 0 24 2
1379 2 0 24 3
1380 2 0 25 0
1381 2 0 25 1
1382 2 0 25 2
1383 2 0 25 3
1384 2 0 26 0
1385 2 0 26 1
1386 2 0 26 2
1387 2 0 26 3
1388 2 0 27 0
1389 2 0 27 1
1390 2 0 27 2
1391 2 0 27 3
1392 2 0 28 0
1393 2 0 28 1
1394 2 0 28 2
1395 2 0 28 3
1396 2 0 29 0
1397 2 0 29 1
1398 2 0 29 2
1399 2 0 29 3
1400 2 0 30 0
1401 2 0 30 1
1402 2 0 30 2
1403 2 0 30 3
1404 2 0 31 0
1405 2 0 31 1
1406 2 0 31 2
1407 2 0 31 3
1408 2 0 32 0
1409 2 0 32 1
1410 2 0 32 2
1411 2 0 32 3
1412 2 0 33 0
1413 2 0 33 1
1414 2 0 33 2
1415 2 0 33 3
1416 2 0 34 0
1417 2 0 34 1
1418 2 0 34 2
1419 2 0 34 3
1420 2 0 35 0
1421 2 0 35 1
1422 2 0 35 2
1423 2 0 35 3
1424 2 0 36 0
1425 2 0 36 1
1426 2 0 36 2
1427 2 0 36 3
1428 2 0 37 0
1429 2 0 37 1
1430 2 0 37 2
1431 2 0 37 3
1432 2 0 38 0
1433 2 0 38 1
1434 2 0 38 2
1435 2 0 38 3
1436 2 0 39 0
1437 2 0 39 1
1438 2 0 39 2
1439 2 0 39 3
1440 2 1 0 0
1441 2 1 0 1
1442 2 1 0 2
1443 2 1 0 3
1444 2 1 1 0
1445 2 1 1 1
1446 2 1 1 2
1447 2 1 1 3
1448 2 1 2 0
1449 2 1 2 1
1450 2 1 2 2
1451 2 1 2 3
1452 2 1 3 0
1453 2 1 3 1
1454 2 1 3 2
1455 2 1 3 3
1456 2 1 4 0
1457 2 1 4 1
1458 2 1 4 2
1459 2 1 4 3
1460 2 1 5 0
1461 2 1 5 1
1462 2 1 5 2
1463 2 1 5 3
1464 2 1 6 0
1465 2 1 6 1
1466 2 1 6 2
1467 2 1 6 3
1468 2 1 7 0
1469 2 1 7 1
1470 2 1 7 2
1471 2 1 7 3
1472 2 1 8 0
1473 2 1 8 1
1474 2 1 8 2
1475 2 1 8 3
1476 2 1 9 0
1477 2 1 9 1
1478 2 1 9 2
1479 2 1 9 3
1480 2 1 10 0
1481 2 1 10 1
1482 2 1 10 2
1483 2 1 10 3
1484 2 1 11 0
1485 2 1 11 1
1486 2 1 11 2
1487 2 1 11 3
1488 2 1 12 0
1489 2 1 12 1
1490 2 1 12 2
1491 2 1 12 3
1492 2 1 13 0
1493 2 1 13 1
1494 2 1 13 2
1495 2 1 13 3
1496 2 1 14 0
1497 2 1 14 1
1498 2 1 14 2
1499 2 1 14 3
1500 2 1 15 0
1501 2 1 15 1
1502 2 1 15 2
1503 2 1 15 3
1504 2 1 16 0
1505 2 1 16 1
1506 2 1 16 2
1507 2 1 16 3
1508 2 1 17 0
1509 2 1 17 1
1510 2 1 17 2
1511 2 1 17 3
1512 2 1 18 0
1513 2 1 18 1
1514 2 1 18 2
1515 2 1 18 3
1516 2 1 19 0
1517 2 1 19 1
1518 2 1 19 2
1519 2 1 19 3
1520 2 1 20 0
1521 2 1 20 1
1522 2 1 20 2
1523 2 1 20 3
1524 2 1 21 0
1525 2 1 21 1
1526 2 1 21 2
1527 2 1 21 3
1528 2 1 22 0
1529 2 1 22 1
1530 2 1 22 2
1531 2 1 22 3
1532 2 1 23 0
1533 2 1 23 1
1534 2 1 23 2
1535 2 1 23 3
1536 2 1 24 0
1537 2 1 24 1
1538 2 1 24 2
1539 2 1 24 3
1540 2 1 25 0
1541 2 1 25 1
1542 2 1 25 2
1543 2 1 25 3
1544 2 1 26 0
1545 2 1 26 1
1546 2 1 26 2
1547 2 1 26 3
1548 2 1 27 0
1549 2 1 27 1
1550 2 1 27 2
1551 2 1 27 3
1552 2 1 28 0
1553 2 1 28 1
1554 2 1 28 2
1555 2 1 28 3
1556 2 1 29 0
1557 2 1 29 1
1558 2 1 29 2
1559 2 1 29 3
1560 2 1 30 0
1561 2 1 30 1
1562 2 1 30 2
1563 2 1 30 3
1564 2 1 31 0
1565 2 1 31 1
1566 2 1 31 2
1567 2 1 31 3
1568 2 1 32 0
1569 2 1 32 1
1570 2 1 32 2
1571 2 1 32 3
1572 2 1 33 0
1573 2 1 33 1
1574 2 1 33 2
1575 2 1 33 3
1576 2 1 34 0
1577 2 1 34 1
1578 2 1 34 2
1579 2 1 34 3
1580 2 1 35 0
1581 2 1 35 1
1582 2 1 35 2
1583 2 1 35 3
1584 2 1 36 0
1585 2 1 36 1
1586 2 1 36 2
1587 2 1 36 3
1588 2 1 37 0
1589 2 1 37 1
1590 2 1 37 2
1591 2 1 37 3
1592 2 1 38 0
1593 2 1 38 1
1594 2 1 38 2
1595 2 1 38 3
1596 2 1 39 0
1597 2 1 39 1
1598 2 1 39 2
1599 2 1 39 3
1600 2 2 0 0
1601 2 2 0 1
1602 2 2 0 2
1603 2 2 0 3
1604 2 2 1 0
1605 2 2 1 1
1606 2 2 1 2
1607 2 2 1 3
1608 2 2 2 0
1609 2 2 2 1
1610 2 2 2 2
1611 2 2 2 3
1612 2 2 3 0
1613 2 2 3 1
1614 2 2 3 2
1615 2 2 3 3
1616 2 2 4 0
1617 2 2 4 1
1618 2 2 4 2
1619 2 2 4 3
1620 2 2 5 0
1621 2 2 5 1
1622 2 2 5 2
1623 2 2 5 3
1624 2 2 6 0
1625 2 2 6 1
1626 2 2 6 2
1627 2 2 6 3
1628 2 2 7 0
1629 2 2 7 1
1630 2 2 7 2
1631 2 2 7 3
1632 2 2 8 0
1633 2 2 8 1
1634 2 2 8 2
1635 2 2 8 3
1636 2 2 9 0
1637 2 2 9 1
1638 2 2 9 2
1639 2 2 9 3
1640 2 2 10 0
1641 2 2 10 1
1642 2 2 10 2
1643 2 2 10 3
1644 2 2 11 0
1645 2 2 11 1
1646 2 2 11 2
1647 2 2 11 3
1648 2 2 12 0
1649 2 2 12 1
1650 2 2 12 2
1651 2 2 12 3
1652 2 2 13 0
1653 2 2 13 1
1654 2 2 13 2
1655 2 2 13 3
1656 2 2 14 0
1657 2 2 14 1
1658 2 2 14 2
1659 2 2 14 3
1660 2 2 15 0
1661 2 2 15 1
1662 2 2 15 2
1663 2 2 15 3
1664 2 2 16 0
1665 2 2 16 1
1666 2 2 16 2
1667 2 2 16 3
1668 2 2 17 0
1669 2 2 17 1
1670 2 2 17 2
1671 2 2 17 3
1672 2 2 18 0
1673 2 2 18 1
1674 2 2 18 2
1675 2 2 18 3
1676 2 2 19 0
1677 2 2 19 1
1678 2 2 19 2
1679 2 2 19 3
1680 2 2 20 0
1681 2 2 20 1
1682 2 2 20 2
1683 2 2 20 3
1684 2 2 21 0
1685 2 2 21 1
1686 2 2 21 2
1687 2 2 21 3
1688 2 2 22 0
1689 2 2 22 1
1690 2 2 22 2
1691 2 2 22 3
1692 2 2 23 0
1693 2 2 23 1
1694 2 2 23 2
1695 2 2 23 3
1696 2 2 24 0
1697 2 2 24 1
1698 2 2 24 2
1699 2 2 24 3
1700 2 2 25 0
1701 2 2 25 1
1702 2 2 25 2
1703 2 2 25 3
1704 2 2 26 0
1705 2 2 26 1
1706 2 2 26 2
1707 2 2 26 3
1708 2 2 27 0
1709 2 2 27 1
1710 2 2 27 2
1711 2 2 27 3
1712 2 2 28 0
1713 2 2 28 1
1714 2 2 28 2
1715 2 2 28 3
1716 2 2 29 0
1717 2 2 29 1
1718 2 2 29 2
1719 2 2 29 3
1720 2 2 30 0
1721 2 2 30 1
1722 2 2 30 2
1723 2 2 30 3
1724 2 2 31 0
1725 2 2 31 1
1726 2 2 31 2
1727 2 2 31 3
1728 2 2 32 0
1729 2 2 32 1
1730 2 2 32 2
1731 2 2 32 3
1732 2 2 33 0
1733 2 2 33 1
1734 2 2 33 2
1735 2 2 33 3
1736 2 2 34 0
1737 2 2 34 1
1738 2 2 34 2
1739 2 2 34 3
1740 2 2 35 0
1741 2 2 35 1
1742 2 2 35 2
1743 2 2 35 3
1744 2 2 36 0
1745 2 2 36 1
1746 2 2 36 2
1747 2 2 36 3
1748 2 2 37 0
1749 2 2 37 1
1750 2 2 37 2
1751 2 2 37 3
1752 2 2 38 0
1753 2 2 38 1
1754 2 2 38 2
1755 2 2 38 3
1756 2 2 39 0
1757 2 2 39 1
1758 2 2 39 2
1759 2 2 39 3
1760 2 3 0 0
1761 2 3 0 1
1762 2 3 0 2
1763 2 3 0 3
1764 2 3 1 0
1765 2 3 1 1
1766 2 3 1 2
1767 2 3 1 3
1768 2 3 2 0
1769 2 3 2 1
1770 2 3 2 2
1771 2 3 2 3
1772 2 3 3 0
1773 2 3 3 1
1774 2 3 3 2
1775 2 3 3 3
1776 2 3 4 0
1777 2 3 4 1
1778 2 3 4 2
1779 2 3 4 3
1780 2 3 5 0
1781 2 3 5 1
1782 2 3 5 2
1783 2 3 5 3
1784 2 3 6 0
1785 2 3 6 1
1786 2 3 6 2
1787 2 3 6 3
1788 2 3 7 0
1789 2 3 7 1
1790 2 3 7 2
1791 2 3 7 3
1792 2 3 8 0
1793 2 3 8 1
1794 2 3 8 2
1795 2 3 8 3
1796 2 3 9 0
1797 2 3 9 1
1798 2 3 9 2
1799 2 3 9 3
1800 2 3 10 0
1801 2 3 10 1
1802 2 3 10 2
1803 2 3 10 3
1804 2 3 11 0
1805 2 3 11 1
1806 2 3 11 2
1807 2 3 11 3
1808 2 3 12 0
1809 2 3 12 1
1810 2 3 12 2
1811 2 3 12 3
1812 2 3 13 0
1813 2 3 13 1
1814 2 3 13 2
1815 2 3 13 3
1816 2 3 14 0
1817 2 3 14 1
1818 2 3 14 2
1819 2 3 14 3
1820 2 3 15 0
1821 2 3 15 1
1822 2 3 15 2
1823 2 3 15 3
1824 2 3 16 0
1825 2 3 16 1
1826 2 3 16 2
1827 2 3 16 3
1828 2 3 17 0
1829 2 3 17 1
1830 2 3 17 2
1831 2 3 17 3
1832 2 3 18 0
1833 2 3 18 1
1834 2 3 18 2
1835 2 3 18 3
1836 2 3 19 0
1837 2 3 19 1
1838 2 3 19 2
1839 2 3 19 3
1840 2 3 20 0
1841 2 3 20 1
1842 2 3 20 2
1843 2 3 20 3
1844 2 3 21 0
1845 2 3 21 1
1846 2 3 21 2
1847 2 3 21 3
1848 2 3 22 0
1849 2 3 22 1
1850 2 3 22 2
1851 2 3 22 3
1852 2 3 23 0
1853 2 3 23 1
1854 2 3 23 2
1855 2 3 23 3
1856 2 3 24 0
1857 2 3 24 1
1858 2 3 24 2
1859 2 3 24 3
1860 2 3 25 0
1861 2 3 25 1
1862 2 3 25 2
1863 2 3 25 3
1864 2 3 26 0
1865 2 3 26 1
1866 2 3 26 2
1867 2 3 26 3
1868 2 3 27 0
1869 2 3 27 1
1870 2 3 27 2
1871 2 3 27 3
1872 2 3 28 0
1873 2 3 28 1
1874 2 3 28 2
1875 2 3 28 3
1876 2 3 29 0
1877 2 3 29 1
1878 2 3 29 2
1879 2 3 29 3
1880 2 3 30 0
1881 2 3 30 1
1882 2 3 30 2
1883 2 3 30 3
1884 2 3 31 0
1885 2 3 31 1
1886 2 3 31 2
1887 2 3 31 3
1888 2 3 32 0
1889 2 3 32 1
1890 2 3 32 2
1891 2 3 32 3
1892 2 3 33 0
1893 2 3 33 1
1894 2 3 33 2
1895 2 3 33 3
1896 2 3 34 0
1897 2 3 34 1
1898 2 3 34 2
1899 2 3 34 3
1900 2 3 35 0
1901 2 3 35 1
1902 2 3 35 2
1903 2 3 35 3
1904 2 3 36 0
1905 2 3 36 1
1906 2 3 36 2
1907 2 3 36 3
1908 2 3 37 0
1909 2 3 37 1
1910 2 3 37 2
1911 2 3 37 3
1912 2 3 38 0
1913 2 3 38 1
1914 2 3 38 2
1915 2 3 38 3
1916 2 3 39 0
1917 2 3 39 1
1918 2 3 39 2
1919 2 3 39 3
1920 3 0 0 0
1921 3 0 0 1
1922 3 0 0 2
1923 3 0 0 3
1924 3 0 1 0
1925 3 0 1 1
1926 3 0 1 2
1927 3 0 1 3
1928 3 0 2 0
1929 3 0 2 1
1930 3 0 2 2
1931 3 0 2 3
1932 3 0 3 0
1933 3 0 3 1
1934 3 0 3 2
1935 3 0 3 3
1936 3 0 4 0
1937 3 0 4 1
1938 3 0 4 2
1939 3 0 4 3
1940 3 0 5 0
1941 3 0 5 1
1942 3 0 5 2
1943 3 0 5 3
1944 3 0 6 0
1945 3 0 6 1
1946 3 0 6 2
1947 3 0 6 3
1948 3 0 7 0
1949 3 0 7 1
1950 3 0 7 2
1951 3 0 7 3
1952 3 0 8 0
1953 3 0 8 1
1954 3 0 8 2
1955 3 0 8 3
1956 3 0 9 0
1957 3 0 9 1
1958 3 0 9 2
1959 3 0 9 3
1960 3 0 10 0
1961 3 0 10 1
1962 3 0 10 2
1963 3 0 10 3
1964 3 0 11 0
1965 3 0 11 1
1966 3 0 11 2
1967 3 0 11 3
1968 3 0 12 0
1969 3 0 12 1
1970 3 0 12 2
1971 3 0 12 3
1972 3 0 13 0
1973 3 0 13 1
1974 3 0 13 2
1975 3 0 13 3
1976 3 0 14 0
1977 3 0 14 1
1978 3 0 14 2
1979 3 0 14 3
1980 3 0 15 0
1981 3 0 15 1
1982 3 0 15 2
1983 3 0 15 3
1984 3 0 16 0
1985 3 0 16 1
1986 3 0 16 2
1987 3 0 16 3
1988 3 0 17 0
1989 3 0 17 1
1990 3 0 17 2
1991 3 0 17 3
1992 3 0 18 0
1993 3 0 18 1
1994 3 0 18 2
1995 3 0 18 3
1996 3 0 19 0
1997 3 0 19 1
1998 3 0 19 2
1999 3 0 19 3
2000 3 0 20 0
2001 3 0 20 1
2002 3 0 20 2
2003 3 0 20 3
2004 3 0 21 0
2005 3 0 21 1
2006 3 0 21 2
2007 3 0 21 3
2008 3 0 22 0
2009 3 0 22 1
2010 3 0 22 2
2011 3 0 22 3
2012 3 0 23 0
2013 3 0 23 1
2014 3 0 23 2
2015 3 0 23 3
2016 3 0 24 0
2017 3 0 24 1
2018 3 0 24 2
2019 3 0 24 3
2020 3 0 25 0
2021 3 0 25 1
2022 3 0 25 2
2023 3 0 25 3
2024 3 0 26 0
2025 3 0 26 1
2026 3 0 26 2
2027 3 0 26 3
2028 3 0 27 0
2029 3 0 27 1
2030 3 0 27 2
2031 3 0 27 3
2032 3 0 28 0
2033 3 0 28 1
2034 3 0 28 2
2035 3 0 28 3
2036 3 0 29 0
2037 3 0 29 1
2038 3 0 29 2
2039 3 0 29 3
2040 3 0 30 0
2041 3 0 30 1
2042 3 0 30 2
2043 3 0 30 3
2044 3 0 31 0
2045 3 0 31 1
2046 3 0 31 2
2047 3 0 31 3
2048 3 0 32 0
2049 3 0 32 1
2050 3 0 32 2
2051 3 0 32 3
2052 3 0 33 0
2053 3 0 33 1
2054 3 0 33 2
2055 3 0 33 3
2056 3 0 34 0
2057 3 0 34 1
2058 3 0 34 2
2059 3 0 34 3
2060 3 0 35 0
2061 3 0 35 1
2062 3 0 35 2
2063 3 0 35 3
2064 3 0 36 0
2065 3 0 36 1
2066 3 0 36 2
2067 3 0 36 3
2068 3 0 37 0
2069 3 0 37 1
2070 3 0 37 2
2071 3 0 37 3
2072 3 0 38 0
2073 3 0 38 1
2074 3 0 38 2
2075 3 0 38 3
2076 3 0 39 0
2077 3 0 39 1
2078 3 0 39 2
2079 3 0 39 3
2080 3 1 0 0
2081 3 1 0 1
2082 3 1 0 2
2083 3 1 0 3
2084 3 1 1 0
2085 3 1 1 1
2086 3 1 1 2
2087 3 1 1 3
2088 3 1 2 0
2089 3 1 2 1
2090 3 1 2 2
2091 3 1 2 3
2092 3 1 3 0
2093 3 1 3 1
2094 3 1 3 2
2095 3 1 3 3
2096 3 1 4 0
2097 3 1 4 1
2098 3 1 4 2
2099 3 1 4 3
2100 3 1 5 0
2101 3 1 5 1
2102 3 1 5 2
2103 3 1 5 3
2104 3 1 6 0
2105 3 1 6 1
2106 3 1 6 2
2107 3 1 6 3
2108 3 1 7 0
2109 3 1 7 1
2110 3 1 7 2
2111 3 1 7 3
2112 3 1 8 0
2113 3 1 8 1
2114 3 1 8 2
2115 3 1 8 3
2116 3 1 9 0
2117 3 1 9 1
2118 3 1 9 2
2119 3 1 9 3
2120 3 1 10 0
2121 3 1 10 1
2122 3 1 10 2
2123 3 1 10 3
2124 3 1 11 0
2125 3 1 11 1
2126 3 1 11 2
2127 3 1 11 3
2128 3 1 12 0
2129 3 1 12 1
2130 3 1 12 2
2131 3 1 12 3
2132 3 1 13 0
2133 3 1 13 1
2134 3 1 13 2
2135 3 1 13 3
2136 3 1 14 0
2137 3 1 14 1
2138 3 1 14 2
2139 3 1 14 3
2140 3 1 15 0
2141 3 1 15 1
2142 3 1 15 2
2143 3 1 15 3
2144 3 1 16 0
2145 3 1 16 1
2146 3 1 16 2
2147 3 1 16 3
2148 3 1 17 0
2149 3 1 17 1
2150 3 1 17 2
2151 3 1 17 3
2152 3 1 18 0
2153 3 1 18 1
2154 3 1 18 2
2155 3 1 18 3
2156 3 1 19 0
2157 3 1 19 1
2158 3 1 19 2
2159 3 1 19 3
2160 3 1 20 0
2161 3 1 20 1
2162 3 1 20 2
2163 3 1 20 3
2164 3 1 21 0
2165 3 1 21 1
2166 3 1 21 2
2167 3 1 21 3
2168 3 1 22 0
2169 3 1 22 1
2170 3 1 22 2
2171 3 1 22 3
2172 3 1 23 0
2173 3 1 23 1
2174 3 1 23 2
2175 3 1 23 3
2176 3 1 24 0
2177 3 1 24 1
2178 3 1 24 2
2179 3 1 24 3
2180 3 1 25 0
2181 3 1 25 1
2182 3 1 25 2
2183 3 1 25 3
2184 3 1 26 0
2185 3 1 26 1
2186 3 1 26 2
2187 3 1 26 3
2188 3 1 27 0
2189 3 1 27 1
2190 3 1 27 2
2191 3 1 27 3
2192 3 1 28 0
2193 3 1 28 1
2194 3 1 28 2
2195 3 1 28 3
2196 3 1 29 0
2197 3 1 29 1
2198 3 1 29 2
2199 3 1 29 3
2200 3 1 30 0
2201 3 1 30 1
2202 3 1 30 2
2203 3 1 30 3
2204 3 1 31 0
2205 3 1 31 1
2206 3 1 31 2
2207 3 1 31 3
2208 3 1 32 0
2209 3 1 32 1
2210 3 1 32 2
2211 3 1 32 3
2212 3 1 33 0
2213 3 1 33 1
2214 3 1 33 2
2215 3 1 33 3
2216 3 1 34 0
2217 3 1 34 1
2218 3 1 34 2
2219 3 1 34 3
2220 3 1 35 0
2221 3 1 35 1
2222 3 1 35 2
2223 3 1 35 3
2224 3 1 36 0
2225 3 1 36 1
2226 3 1 36 2
2227 3 1 36 3
2228 3 1 37 0
2229 3 1 37 1
2230 3 1 37 2
2231 3 1 37 3
2232 3 1 38 0
2233 3 1 38 1
2234 3 1 38 2
2235 3 1 38 3
2236 3 1 39 0
2237 3 1 39 1
2238 3 1 39 2
2239 3 1 39 3
2240 3 2 0 0
2241 3 2 0 1
2242 3 2 0 2
2243 3 2 0 3
2244 3 2 1 0
2245 3 2 1 1
2246 3 2 1 2
2247 3 2 1 3
2248 3 2 2 0
2249 3 2 2 1
2250 3 2 2 2
2251 3 2 2 3
2252 3 2 3 0
2253 3 2 3 1
2254 3 2 3 2
2255 3 2 3 3
2256 3 2 4 0
2257 3 2 4 1
2258 3 2 4 2
2259 3 2 4 3
2260 3 2 5 0
2261 3 2 5 1
2262 3 2 5 2
2263 3 2 5 3
2264 3 2 6 0
2265 3 2 6 1
2266 3 2 6 2
2267 3 2 6 3
2268 3 2 7 0
2269 3 2 7 1
2270 3 2 7 2
2271 3 2 7 3
2272 3 2 8 0
2273 3 2 8 1
2274 3 2 8 2
2275 3 2 8 3
2276 3 2 9 0
2277 3 2 9 1
2278 3 2 9 2
2279 3 2 9 3
2280 3 2 10 0
2281 3 2 10 1
2282 3 2 10 2
2283 3 2 10 3
2284 3 2 11 0
2285 3 2 11 1
2286 3 2 11 2
2287 3 2 11 3
2288 3 2 12 0
2289 3 2 12 1
2290 3 2 12 2
2291 3 2 12 3
2292 3 2 13 0
2293 3 2 13 1
2294 3 2 13 2
2295 3 2 13 3
2296 3 2 14 0
2297 3 2 14 1
2298 3 2 14 2
2299 3 2 14 3
2300 3 2 15 0
2301 3 2 15 1
2302 3 2 15 2
2303 3 2 15 3
2304 3 2 16 0
2305 3 2 16 1
2306 3 2 16 2
2307 3 2 16 3
2308 3 2 17 0
2309 3 2 17 1
2310 3 2 17 2
2311 3 2 17 3
2312 3 2 18 0
2313 3 2 18 1
2314 3 2 18 2
2315 3 2 18 3
2316 3 2 19 0
2317 3 2 19 1
2318 3 2 19 2
2319 3 2 19 3
2320 3 2 20 0
2321 3 2 20 1
2322 3 2 20 2
2323 3 2 20 3
2324 3 2 21 0
2325 3 2 21 1
2326 3 2 21 2
2327 3 2 21 3
2328 3 2 22 0
2329 3 2 22 1
2330 3 2 22 2
2331 3 2 22 3
2332 3 2 23 0
2333 3 2 23 1
2334 3 2 23 2
2335 3 2 23 3
2336 3 2 24 0
2337 3 2 24 1
2338 3 2 24 2
2339 3 2 24 3
2340 3 2 25 0
2341 3 2 25 1
2342 3 2 25 2
2343 3 2 25 3
2344 3 2 26 0
2345 3 2 26 1
2346 3 2 26 2
2347 3 2 26 3
2348 3 2 27 0
2349 3 2 27 1
2350 3 2 27 2
2351 3 2 27 3
2352 3 2 28 0
2353 3 2 28 1
2354 3 2 28 2
2355 3 2 28 3
2356 3 2 29 0
2357 3 2 29 1
2358 3 2 29 2
2359 3 2 29 3
2360 3 2 30 0
2361 3 2 30 1
2362 3 2 30 2
2363 3 2 30 3
2364 3 2 31 0
2365 3 2 31 1
2366 3 2 31 2
2367 3 2 31 3
2368 3 2 32 0
2369 3 2 32 1
2370 3 2 32 2
2371 3 2 32 3
2372 3 2 33 0
2373 3 2 33 1
2374 3 2 33 2
2375 3 2 33 3
2376 3 2 34 0
2377 3 2 34 1
2378 3 2 34 2
2379 3 2 34 3
2380 3 2 35 0
2381 3 2 35 1
2382 3 2 35 2
2383 3 2 35 3
2384 3 2 36 0
2385 3 2 36 1
2386 3 2 36 2
2387 3 2 36 3
2388 3 2 37 0
2389 3 2 37 1
2390 3 2 37 2
2391 3 2 37 3
2392 3 2 38 0
2393 3 2 38 1
2394 3 2 38 2
2395 3 2 38 3
2396 3 2 39 0
2397 3 2 39 1
2398 3 2 39 2
2399 3 2 39 3
2400 3 3 0 0
2401 3 3 0 1
2402 3 3 0 2
2403 3 3 0 3
2404 3 3 1 0
2405 3 3 1 1
2406 3 3 1 2
2407 3 3 1 3
2408 3 3 2 0
2409 3 3 2 1
2410 3 3 2 2
2411 3 3 2 3
2412 3 3 3 0
2413 3 3 3 1
2414 3 3 3 2
2415 3 3 3 3
2416 3 3 4 0
2417 3 3 4 1
2418 3 3 4 2
2419 3 3 4 3
2420 3 3 5 0
2421 3 3 5 1
2422 3 3 5 2
2423 3 3 5 3
2424 3 3 6 0
2425 3 3 6 1
2426 3 3 6 2
2427 3 3 6 3
2428 3 3 7 0
2429 3 3 7 1
2430 3 3 7 2
2431 3 3 7 3
2432 3 3 8 0
2433 3 3 8 1
2434 3 3 8 2
2435 3 3 8 3
2436 3 3 9 0
2437 3 3 9 1
2438 3 3 9 2
2439 3 3 9 3
2440 3 3 10 0
2441 3 3 10 1
2442 3 3 10 2
2443 3 3 10 3
2444 3 3 11 0
2445 3 3 11 1
2446 3 3 11 2
2447 3 3 11 3
2448 3 3 12 0
2449 3 3 12 1
2450 3 3 12 2
2451 3 3 12 3
2452 3 3 13 0
2453 3 3 13 1
2454 3 3 13 2
2455 3 3 13 3
2456 3 3 14 0
2457 3 3 14 1
2458 3 3 14 2
2459 3 3 14 3
2460 3 3 15 0
2461 3 3 15 1
2462 3 3 15 2
2463 3 3 15 3
2464 3 3 16 0
2465 3 3 16 1
2466 3 3 16 2
2467 3 3 16 3
2468 3 3 17 0
2469 3 3 17 1
2470 3 3 17 2
2471 3 3 17 3
2472 3 3 18 0
2473 3 3 18 1
2474 3 3 18 2
2475 3 3 18 3
2476 3 3 19 0
2477 3 3 19 1
2478 3 3 19 2
2479 3 3 19 3
2480 3 3 20 0
2481 3 3 20 1
2482 3 3 20 2
2483 3 3 20 3
2484 3 3 21 0
2485 3 3 21 1
2486 3 3 21 2
2487 3 3 21 3
2488 3 3 22 0
2489 3 3 22 1
2490 3 3 22 2
2491 3 3 22 3
2492 3 3 23 0
2493 3 3 23 1
2494 3 3 23 2
2495 3 3 23 3
2496 3 3 24 0
2497 3 3 24 1
2498 3 3 24 2
2499 3 3 24 3
2500 3 3 25 0
2501 3 3 25 1
2502 3 3 25 2
2503 3 3 25 3
2504 3 3 26 0
2505 3 3 26 1
2506 3 3 26 2
2507 3 3 26 3
2508 3 3 27 0
2509 3 3 27 1
2510 3 3 27 2
2511 3 3 27 3
2512 3 3 28 0
2513 3 3 28 1
2514 3 3 28 2
2515 3 3 28 3
2516 3 3 29 0
2517 3 3 29 1
2518 3 3 29 2
2519 3 3 29 3
2520 3 3 30 0
2521 3 3 30 1
2522 3 3 30 2
2523 3 3 30 3
2524 3 3 31 0
2525 3 3 31 1
2526 3 3 31 2
2527 3 3 31 3
2528 3 3 32 0
2529 3 3 32 1
2530 3 3 32 2
2531 3 3 32 3
2532 3 3 33 0
2533 3 3 33 1
2534 3 3 33 2
2535 3 3 33 3
2536 3 3 34 0
2537 3 3 34 1
2538 3 3 34 2
2539 3 3 34 3
2540 3 3 35 0
2541 3 3 35 1
2542 3 3 35 2
2543 3 3 35 3
2544 3 3 36 0
2545 3 3 36 1
2546 3 3 36 2
2547 3 3 36 3
2548 3 3 37 0
2549 3 3 37 1
2550 3 3 37 2
2551 3 3 37 3
2552 3 3 38 0
2553 3 3 38 1
2554 3 3 38 2
2555 3 3 38 3
2556 3 3 39 0
2557 3 3 39 1
2558 3 3 39 2
2559 3 3 39 3
